1.402409973144531250e+02 6.267699813842773438e+01
1.433670043945312500e+02 6.248099899291992188e+01
1.393029937744140625e+02 6.017599868774414062e+01
1.341450042724609375e+02 5.955099868774414062e+01
1.359429931640625000e+02 5.994100189208984375e+01
1.351219940185546875e+02 5.935499954223632812e+01
1.337539978027343750e+02 5.884700012207031250e+01
1.334420013427734375e+02 5.915999984741210938e+01
1.344190063476562500e+02 5.990200042724609375e+01
1.345749969482421875e+02 5.997999954223632812e+01
1.351999969482421875e+02 5.990200042724609375e+01
1.361380004882812500e+02 6.033200073242187500e+01
1.359429931640625000e+02 6.001900100708007812e+01
1.350440063476562500e+02 6.017599868774414062e+01
1.350050048828125000e+02 6.021500015258789062e+01
1.347700042724609375e+02 6.013700103759765625e+01
1.363719940185546875e+02 6.087900161743164062e+01
1.369980010986328125e+02 6.154299926757812500e+01
1.386779937744140625e+02 6.154299926757812500e+01
1.371929931640625000e+02 6.111399841308593750e+01
1.383650054931640625e+02 6.213000106811523438e+01
1.392640075683593750e+02 6.146500015258789062e+01
1.379349975585937500e+02 6.154299926757812500e+01
1.375449981689453125e+02 6.170000076293945312e+01
1.364900054931640625e+02 6.115299987792968750e+01
1.359029998779296875e+02 6.107400131225585938e+01
1.377400054931640625e+02 6.154299926757812500e+01
1.383260040283203125e+02 6.154299926757812500e+01
1.361770019531250000e+02 6.056700134277343750e+01
1.361770019531250000e+02 6.037099838256835938e+01
1.355520019531250000e+02 6.037099838256835938e+01
1.353170013427734375e+02 6.037099838256835938e+01
1.348480072021484375e+02 6.068399810791015625e+01
1.351999969482421875e+02 6.134799957275390625e+01
1.367630004882812500e+02 6.205099868774414062e+01
1.377400054931640625e+02 6.255899810791015625e+01
1.388730010986328125e+02 6.205099868774414062e+01
1.377010040283203125e+02 6.127000045776367188e+01
1.362160034179687500e+02 6.150400161743164062e+01
1.377010040283203125e+02 6.127000045776367188e+01
1.361380004882812500e+02 6.017599868774414062e+01
1.339889984130859375e+02 6.040999984741210938e+01
1.332850036621093750e+02 6.150400161743164062e+01
1.350440063476562500e+02 6.099599838256835938e+01
1.337929992675781250e+02 6.040999984741210938e+01
1.345749969482421875e+02 6.048799896240234375e+01
1.337929992675781250e+02 6.072299957275390625e+01
1.339499969482421875e+02 5.978499984741210938e+01
1.345749969482421875e+02 6.087900161743164062e+01
1.355520019531250000e+02 6.154299926757812500e+01
1.360989990234375000e+02 6.224700164794921875e+01
1.361380004882812500e+02 6.072299957275390625e+01
1.341450042724609375e+02 6.037099838256835938e+01
1.334810028076171875e+02 6.013700103759765625e+01
1.326210021972656250e+02 6.013700103759765625e+01
1.330509948730468750e+02 6.060599899291992188e+01
1.334810028076171875e+02 6.017599868774414062e+01
1.323869934082031250e+02 6.017599868774414062e+01
1.329730072021484375e+02 6.021500015258789062e+01
1.327769927978515625e+02 6.021500015258789062e+01
1.339499969482421875e+02 6.107400131225585938e+01
1.349270019531250000e+02 6.205099868774414062e+01
1.355520019531250000e+02 6.158200073242187500e+01
1.340670013427734375e+02 6.068399810791015625e+01
1.327769927978515625e+02 5.997999954223632812e+01
1.322299957275390625e+02 5.978499984741210938e+01
1.315269927978515625e+02 5.978499984741210938e+01
1.316439971923828125e+02 5.955099868774414062e+01
1.320740051269531250e+02 6.021500015258789062e+01
1.312929992675781250e+02 5.974599838256835938e+01
1.319960021972656250e+02 6.013700103759765625e+01
1.314100036621093750e+02 6.017599868774414062e+01
1.327769927978515625e+02 6.056700134277343750e+01
1.323869934082031250e+02 6.080099868774414062e+01
1.324259948730468750e+02 6.091799926757812500e+01
1.334420013427734375e+02 5.865200042724609375e+01
1.330119934082031250e+02 6.056700134277343750e+01
1.332070007324218750e+02 6.013700103759765625e+01
1.323869934082031250e+02 5.990200042724609375e+01
1.310189971923828125e+02 5.997999954223632812e+01
1.314100036621093750e+02 5.970700073242187500e+01
1.322299957275390625e+02 6.080099868774414062e+01
1.330119934082031250e+02 6.111399841308593750e+01
1.330119934082031250e+02 5.900400161743164062e+01
1.298470001220703125e+02 5.814400100708007812e+01
1.279319992065429688e+02 5.786999893188476562e+01
1.279710006713867188e+02 5.841699981689453125e+01
1.294949951171875000e+02 5.915999984741210938e+01
1.306280059814453125e+02 6.017599868774414062e+01
1.312140045166015625e+02 6.048799896240234375e+01
1.328159942626953125e+02 6.080099868774414062e+01
1.325820007324218750e+02 6.091799926757812500e+01
1.328159942626953125e+02 6.080099868774414062e+01
1.337929992675781250e+02 6.146500015258789062e+01
1.443049926757812500e+02 6.302799987792968750e+01
1.359819946289062500e+02 6.072299957275390625e+01
1.343800048828125000e+02 6.013700103759765625e+01
1.330899963378906250e+02 6.013700103759765625e+01
1.323090057373046875e+02 5.935499954223632812e+01
1.326210021972656250e+02 5.943299865722656250e+01
1.328159942626953125e+02 6.001900100708007812e+01
1.329730072021484375e+02 6.072299957275390625e+01
1.335590057373046875e+02 6.115299987792968750e+01
1.337929992675781250e+02 6.107400131225585938e+01
1.355520019531250000e+02 6.236399841308593750e+01
1.364109954833984375e+02 6.287200164794921875e+01
1.371150054931640625e+02 6.361399841308593750e+01
1.364900054931640625e+02 6.291099929809570312e+01
1.352389984130859375e+02 6.177799987792968750e+01
1.357859954833984375e+02 6.134799957275390625e+01
1.339499969482421875e+02 6.134799957275390625e+01
1.338719940185546875e+02 6.087900161743164062e+01
1.330119934082031250e+02 6.056700134277343750e+01
1.315269927978515625e+02 5.974599838256835938e+01
1.306670074462890625e+02 5.994100189208984375e+01
1.310579986572265625e+02 6.017599868774414062e+01
1.321130065917968750e+02 5.951100158691406250e+01
1.301199951171875000e+02 5.994100189208984375e+01
1.320740051269531250e+02 6.021500015258789062e+01
1.310970001220703125e+02 6.001900100708007812e+01
1.340670013427734375e+02 6.154299926757812500e+01
1.328560028076171875e+02 6.048799896240234375e+01
1.319960021972656250e+02 6.013700103759765625e+01
1.324259948730468750e+02 5.997999954223632812e+01
1.306670074462890625e+02 5.970700073242187500e+01
1.303549957275390625e+02 5.974599838256835938e+01
1.306670074462890625e+02 5.997999954223632812e+01
1.318009948730468750e+02 6.037099838256835938e+01
1.308630065917968750e+02 5.974599838256835938e+01
1.301589965820312500e+02 5.974599838256835938e+01
1.323090057373046875e+02 6.060599899291992188e+01
1.348480072021484375e+02 6.224700164794921875e+01
1.347700042724609375e+02 6.267699813842773438e+01
1.343800048828125000e+02 6.271599960327148438e+01
1.343800048828125000e+02 6.127000045776367188e+01
1.308240051269531250e+02 6.017599868774414062e+01
1.304329986572265625e+02 6.001900100708007812e+01
1.310579986572265625e+02 5.978499984741210938e+01
1.297299957275390625e+02 5.959000015258789062e+01
1.289479980468750000e+02 5.951100158691406250e+01
1.285959930419921875e+02 5.912099838256835938e+01
1.288699951171875000e+02 5.955099868774414062e+01
1.308240051269531250e+02 6.127000045776367188e+01
1.323869934082031250e+02 6.154299926757812500e+01
1.322299957275390625e+02 6.087900161743164062e+01
1.325039978027343750e+02 6.111399841308593750e+01
1.321130065917968750e+02 6.091799926757812500e+01
1.310970001220703125e+02 6.068399810791015625e+01
1.309409942626953125e+02 6.001900100708007812e+01
1.297299957275390625e+02 5.997999954223632812e+01
1.299640045166015625e+02 6.048799896240234375e+01
1.332460021972656250e+02 6.205099868774414062e+01
1.319179992675781250e+02 6.072299957275390625e+01
1.321909942626953125e+02 6.017599868774414062e+01
1.317220001220703125e+02 6.033200073242187500e+01
1.325820007324218750e+02 5.997999954223632812e+01
1.310970001220703125e+02 6.056700134277343750e+01
1.321130065917968750e+02 6.087900161743164062e+01
1.326210021972656250e+02 6.197299957275390625e+01
1.330119934082031250e+02 6.197299957275390625e+01
1.322299957275390625e+02 6.060599899291992188e+01
1.314100036621093750e+02 6.068399810791015625e+01
1.312929992675781250e+02 6.087900161743164062e+01
1.325820007324218750e+02 6.134799957275390625e+01
1.321909942626953125e+02 6.040999984741210938e+01
1.309409942626953125e+02 6.060599899291992188e+01
1.319179992675781250e+02 6.107400131225585938e+01
1.332460021972656250e+02 6.177799987792968750e+01
1.332850036621093750e+02 6.154299926757812500e+01
1.329730072021484375e+02 6.158200073242187500e+01
1.332850036621093750e+02 6.213000106811523438e+01
1.319960021972656250e+02 6.021500015258789062e+01
1.308240051269531250e+02 6.033200073242187500e+01
1.305500030517578125e+02 6.033200073242187500e+01
1.315269927978515625e+02 6.072299957275390625e+01
1.310579986572265625e+02 6.127000045776367188e+01
1.325039978027343750e+02 6.080099868774414062e+01
1.310579986572265625e+02 6.056700134277343750e+01
1.319960021972656250e+02 6.115299987792968750e+01
1.312929992675781250e+02 6.068399810791015625e+01
1.304329986572265625e+02 6.060599899291992188e+01
1.295339965820312500e+02 6.037099838256835938e+01
1.298470001220703125e+02 6.040999984741210938e+01
1.314490051269531250e+02 6.158200073242187500e+01
1.314490051269531250e+02 6.072299957275390625e+01
1.308240051269531250e+02 6.130899810791015625e+01
1.322299957275390625e+02 6.271599960327148438e+01
1.319960021972656250e+02 6.060599899291992188e+01
1.306280059814453125e+02 6.033200073242187500e+01
1.305500030517578125e+02 6.017599868774414062e+01
1.291829986572265625e+02 5.990200042724609375e+01
1.290650024414062500e+02 5.990200042724609375e+01
1.291829986572265625e+02 6.040999984741210938e+01
1.291040039062500000e+02 6.001900100708007812e+01
1.285180053710937500e+02 5.959000015258789062e+01
1.276200027465820312e+02 5.959000015258789062e+01
1.275019989013671875e+02 5.994100189208984375e+01
1.290650024414062500e+02 6.068399810791015625e+01
1.278929977416992188e+02 6.048799896240234375e+01
1.291040039062500000e+02 5.994100189208984375e+01
