1.733742980957031250e+02 7.528793334960937500e+01
1.597389068603515625e+02 6.794542694091796875e+01
1.436182403564453125e+02 6.724745178222656250e+01
1.460988769531250000e+02 6.695451354980468750e+01
1.464595031738281250e+02 6.574272918701171875e+01
1.497446899414062500e+02 6.874478149414062500e+01
1.482330322265625000e+02 6.833748626708984375e+01
1.473830566406250000e+02 6.738806915283203125e+01
1.516314849853515625e+02 6.775012207031250000e+01
1.431855163574218750e+02 6.627880096435546875e+01
1.437292175292968750e+02 6.500002288818359375e+01
1.465653991699218750e+02 6.770079803466796875e+01
1.454994201660156250e+02 6.526282501220703125e+01
1.468458099365234375e+02 6.548068237304687500e+01
1.492779541015625000e+02 6.850102996826171875e+01
1.459351196289062500e+02 6.616764831542968750e+01
1.422844543457031250e+02 6.566107177734375000e+01
1.460589294433593750e+02 6.570955657958984375e+01
1.492528991699218750e+02 6.930323028564453125e+01
1.479496765136718750e+02 6.817671203613281250e+01
1.421322479248046875e+02 6.730609893798828125e+01
1.414442596435546875e+02 6.417913055419921875e+01
1.439118347167968750e+02 6.716275787353515625e+01
1.480468139648437500e+02 6.889466857910156250e+01
1.418719787597656250e+02 6.362745285034179688e+01
1.502603454589843750e+02 6.816808319091796875e+01
1.451191101074218750e+02 6.631678009033203125e+01
1.425187377929687500e+02 6.622985839843750000e+01
1.459704742431640625e+02 6.600487518310546875e+01
1.464743347167968750e+02 6.565772247314453125e+01
1.465403442382812500e+02 6.718505096435546875e+01
1.433426361083984375e+02 6.554852294921875000e+01
1.430192260742187500e+02 6.517894744873046875e+01
1.407270812988281250e+02 6.554453277587890625e+01
1.411619567871093750e+02 6.497523498535156250e+01
1.480443267822265625e+02 6.714746856689453125e+01
1.475323638916015625e+02 6.870652008056640625e+01
1.498774566650390625e+02 6.574909210205078125e+01
1.434227600097656250e+02 6.700615692138671875e+01
1.460954895019531250e+02 6.833229827880859375e+01
1.469122619628906250e+02 6.514035797119140625e+01
1.440683288574218750e+02 6.538502502441406250e+01
1.418967895507812500e+02 6.549547576904296875e+01
1.473896789550781250e+02 6.727078247070312500e+01
1.435781402587890625e+02 6.699698638916015625e+01
1.460661621093750000e+02 6.570475006103515625e+01
1.419554748535156250e+02 6.514311981201171875e+01
1.488180541992187500e+02 6.715822601318359375e+01
1.395838012695312500e+02 6.371720123291015625e+01
1.468962402343750000e+02 6.805065155029296875e+01
1.492997741699218750e+02 6.850766754150390625e+01
1.432554168701171875e+02 6.681439208984375000e+01
1.491839294433593750e+02 6.876131439208984375e+01
1.464227294921875000e+02 6.667597961425781250e+01
1.400848846435546875e+02 6.254633712768554688e+01
1.477790069580078125e+02 6.729677581787109375e+01
1.477067871093750000e+02 6.794979858398437500e+01
1.491925354003906250e+02 6.808242797851562500e+01
1.503112335205078125e+02 6.837033081054687500e+01
1.473880767822265625e+02 6.727117919921875000e+01
1.491318054199218750e+02 7.072396087646484375e+01
1.480483703613281250e+02 6.831612396240234375e+01
1.472629241943359375e+02 6.819560241699218750e+01
1.465021057128906250e+02 6.827590942382812500e+01
1.502426147460937500e+02 6.954866790771484375e+01
1.482251739501953125e+02 6.937217712402343750e+01
1.469131774902343750e+02 6.852965545654296875e+01
1.442086181640625000e+02 6.730498504638671875e+01
1.490744323730468750e+02 7.014908599853515625e+01
1.448997192382812500e+02 6.772746276855468750e+01
1.447132873535156250e+02 6.535730743408203125e+01
1.487225189208984375e+02 6.952423858642578125e+01
1.480250091552734375e+02 6.930405426025390625e+01
1.482473449707031250e+02 6.850992584228515625e+01
1.448139343261718750e+02 6.817305755615234375e+01
1.521897583007812500e+02 7.225672149658203125e+01
1.496129760742187500e+02 6.673568725585937500e+01
1.547792205810546875e+02 7.061425018310546875e+01
1.474505615234375000e+02 6.663096618652343750e+01
1.473473052978515625e+02 6.661603546142578125e+01
1.516476593017578125e+02 6.740843963623046875e+01
1.536862640380859375e+02 7.223249053955078125e+01
1.506607971191406250e+02 7.208996582031250000e+01
1.503289642333984375e+02 6.963759613037109375e+01
1.468705444335937500e+02 6.916472625732421875e+01
1.447124023437500000e+02 6.534007263183593750e+01
1.451850280761718750e+02 6.884157562255859375e+01
1.500967864990234375e+02 6.930449676513671875e+01
1.488111877441406250e+02 6.743914031982421875e+01
1.450080871582031250e+02 6.739083099365234375e+01
1.505290222167968750e+02 6.972238922119140625e+01
1.507417602539062500e+02 6.908954620361328125e+01
1.473199615478515625e+02 6.880832672119140625e+01
1.538289184570312500e+02 7.082914733886718750e+01
1.653467712402343750e+02 6.944579315185546875e+01
1.521063537597656250e+02 7.067089080810546875e+01
1.556021118164062500e+02 7.262125396728515625e+01
1.520078735351562500e+02 7.204992675781250000e+01
1.533391418457031250e+02 7.104068756103515625e+01
1.540693664550781250e+02 7.289070892333984375e+01
1.532059326171875000e+02 7.003272247314453125e+01
1.557893218994140625e+02 7.329387664794921875e+01
1.566723175048828125e+02 7.613182067871093750e+01
1.512612304687500000e+02 6.881295013427734375e+01
1.568296508789062500e+02 7.332543182373046875e+01
1.594884338378906250e+02 7.534434509277343750e+01
1.585001220703125000e+02 7.323789215087890625e+01
1.552515563964843750e+02 7.056548309326171875e+01
1.504665069580078125e+02 7.115377044677734375e+01
1.547903594970703125e+02 7.317555999755859375e+01
1.563898010253906250e+02 7.230981445312500000e+01
1.545782165527343750e+02 7.139568328857421875e+01
1.509948730468750000e+02 6.879985046386718750e+01
1.492265014648437500e+02 7.065429687500000000e+01
1.554807739257812500e+02 7.296407318115234375e+01
1.497889099121093750e+02 7.025757598876953125e+01
1.522214355468750000e+02 6.842324829101562500e+01
1.522020874023437500e+02 6.989800262451171875e+01
1.524778137207031250e+02 7.146009826660156250e+01
1.558614654541015625e+02 7.309790802001953125e+01
1.571613311767578125e+02 7.030977630615234375e+01
1.542242431640625000e+02 7.047071075439453125e+01
1.533037719726562500e+02 7.120754241943359375e+01
1.516158447265625000e+02 7.109313964843750000e+01
1.515678100585937500e+02 7.163196563720703125e+01
1.498049621582031250e+02 7.216333770751953125e+01
1.478798522949218750e+02 6.925481414794921875e+01
1.532882385253906250e+02 7.141603088378906250e+01
1.477029571533203125e+02 6.833805847167968750e+01
1.577909545898437500e+02 7.209368896484375000e+01
1.523855590820312500e+02 6.911774444580078125e+01
1.516597137451171875e+02 7.121819305419921875e+01
1.512436218261718750e+02 6.968010711669921875e+01
1.509287719726562500e+02 7.262219238281250000e+01
1.491550903320312500e+02 6.732846832275390625e+01
1.498116455078125000e+02 6.873033142089843750e+01
1.493135681152343750e+02 6.833494567871093750e+01
1.498486328125000000e+02 7.069477081298828125e+01
1.480779113769531250e+02 6.862575531005859375e+01
1.477415161132812500e+02 6.883414459228515625e+01
1.482549743652343750e+02 6.890802764892578125e+01
1.515001831054687500e+02 7.080618286132812500e+01
1.503017578125000000e+02 6.940093994140625000e+01
1.513081512451171875e+02 7.130753326416015625e+01
1.538505554199218750e+02 7.109112548828125000e+01
1.507885131835937500e+02 7.064019775390625000e+01
1.508768920898437500e+02 6.915355682373046875e+01
1.511357727050781250e+02 7.088185882568359375e+01
1.481049194335937500e+02 6.797780609130859375e+01
1.532495727539062500e+02 7.076422882080078125e+01
1.595396118164062500e+02 7.028977203369140625e+01
1.546833190917968750e+02 7.088463592529296875e+01
1.474143524169921875e+02 6.729515838623046875e+01
1.480517272949218750e+02 6.795149993896484375e+01
1.523339843750000000e+02 6.862707519531250000e+01
1.549651336669921875e+02 7.028940582275390625e+01
1.449790191650390625e+02 6.879358673095703125e+01
1.472384948730468750e+02 6.808516693115234375e+01
1.510910949707031250e+02 7.101401519775390625e+01
1.506815185546875000e+02 6.876468658447265625e+01
1.497948608398437500e+02 6.846717071533203125e+01
1.511637878417968750e+02 7.076821899414062500e+01
1.461803588867187500e+02 6.992533111572265625e+01
1.520603332519531250e+02 7.116883850097656250e+01
1.499546203613281250e+02 6.846021270751953125e+01
1.562895050048828125e+02 7.282019805908203125e+01
1.549448242187500000e+02 7.075591278076171875e+01
1.510729522705078125e+02 7.062855529785156250e+01
1.451065063476562500e+02 6.739304351806640625e+01
1.501744689941406250e+02 6.865534210205078125e+01
1.543662109375000000e+02 7.172857666015625000e+01
1.510409545898437500e+02 6.788500213623046875e+01
1.524761505126953125e+02 7.042364501953125000e+01
1.501701049804687500e+02 6.998755645751953125e+01
1.526492004394531250e+02 6.880200958251953125e+01
1.514508972167968750e+02 6.884613037109375000e+01
1.492218627929687500e+02 7.009264373779296875e+01
1.490182495117187500e+02 6.881863403320312500e+01
1.487943725585937500e+02 6.923826599121093750e+01
1.500076293945312500e+02 6.705152893066406250e+01
1.518755035400390625e+02 6.682231903076171875e+01
1.535493164062500000e+02 7.035002899169921875e+01
1.471936950683593750e+02 6.780844116210937500e+01
1.477735900878906250e+02 7.138191223144531250e+01
1.510803680419921875e+02 7.008651733398437500e+01
1.533048858642578125e+02 7.176282501220703125e+01
1.544708709716796875e+02 7.069629669189453125e+01
1.485274963378906250e+02 6.670275878906250000e+01
1.482436218261718750e+02 6.743118286132812500e+01
1.479082183837890625e+02 6.760485076904296875e+01
1.522730560302734375e+02 6.930133056640625000e+01
1.500847473144531250e+02 6.853955078125000000e+01
1.477740478515625000e+02 6.724298095703125000e+01
1.461909790039062500e+02 6.797828674316406250e+01
1.479078369140625000e+02 6.715482330322265625e+01
1.501556396484375000e+02 7.019292449951171875e+01
1.471734008789062500e+02 6.751723480224609375e+01
1.464920959472656250e+02 6.718999481201171875e+01
1.482666320800781250e+02 6.825010681152343750e+01
1.538352355957031250e+02 7.270944976806640625e+01
